
(((0 0 0 0 0 0 0 0 0 0 0 0 0 0 0 0 0 0 0)
  (0 0 0 0 0 0 0 0 0 0 0 0 0 0 0 0 0 0 0)
  (0 0 0 0 0 0 0 0 0 0 0 0 0 0 0 0 0 0 0)
  (0 0 0 0 0 0 0 0 0 0 0 0 0 0 0 0 0 0 0)
  (0 0 0 0 0 0 0 0 0 0 0 0 0 0 0 0 0 0 0)
  (0 "W" 0 0 "W" 0 0 0 0 0 0 0 0 0 0 0 0 0 0)
  (0 0 0 0 0 0 0 0 0 0 0 0 0 0 0 0 0 0 0)
  (0 0 0 0 0 0 0 0 0 0 0 0 0 0 0 0 0 0 0)
  (0 0 0 0 0 0 0 0 0 0 0 0 0 0 0 0 0 0 0)
  (0 0 0 0 0 0 0 0 0 0 0 0 0 0 0 0 0 0 0)
  (0 0 0 0 0 0 0 0 0 0 0 0 0 0 0 0 0 0 0)
  (0 0 0 "W" 0 0 0 0 0 0 0 0 0 0 0 0 0 0 0)
  (0 0 0 0 0 0 0 0 0 0 0 0 0 0 0 0 0 0 0)
  (0 0 0 0 0 0 0 0 0 0 0 0 0 0 0 0 0 0 0)
  (0 0 0 0 0 0 0 0 0 0 0 0 "W" 0 0 0 0 0 0)
  (0 0 0 0 0 0 0 0 0 0 0 0 0 0 0 0 0 0 0)
  ("B" 0 0 0 0 0 0 0 0 0 0 0 0 0 0 0 0 0 0)
  ("B" 0 0 0 0 0 0 0 0 0 0 0 0 0 0 0 0 0 0)
  ("B" 0 0 0 0 0 0 0 0 0 0 0 0 0 0 0 0 0 0))
 HUMAN BLACK 0 0 0 0) 